201 201 204 204 204 204 204 205 205 206
206 206 207 207 207 207 208 208 208 208
209 210 210 210 211 212 212 212 214 214
214 215 215 216 216 216 216 216 216 216
216 217 218 218 218 219 219 220 220 220
220 222 222 223 223 223 225 225 226 226
226 226 226 228 230 230 231 232 232 232
232 233 233 235 235 235 235 235 236 236
236 237 237 238 238 238 238 240 243 243
243 244 244 246 246 246 246 246 246 249
249 250 250 250 250 252 252 253 255 255
258 258 258 258 258 258 259 259 259 259
260 260 260 261 261 261 263 263 264 264
264 264 264 267 267 267 270 270 270 271
271 271 272 272 273 273 274 274 274 274
276 276 276 276 276 277 277 278 278 278
279 279 279 279 280 280 280 281 281 282
282 282 283 283 283 283 283 284 284 285
285 287 287 287 288 288 289 289 289 290
290 291 291 292 292 294 294 296 296 296
297 297 297 297 298 298 298 299 299 299
301 301 301 302 302 304 304 304 305 305
305 306 306 308 308 308 310 310 310 311
311 312 313 313 315 315 315 315 316 316
317 317 317 318 318 318 319 319 319 320
320 320 321 321 322 322 322 322 323 323
323 324 324 324 324 324 325 325 326 326
327 327 327 328 328 328 328 329 329 329
330 330 331 331 332 332 334 334 335 335
335 335 336 336 336 337 337 337 337 338
338 339 339 339 339 340 340 341 341 341
341 342 342 342 342 343 343 343 343 344
344 344 345 345 346 346 347 347 347 347
347 347 349 349 349 350 350 351 351 351
351 351 352 352 353 353 355 355 355 356
356 356 356 356 357 359 359 359 361 361
362 362 365 365 365 366 366 367 367 367
367 368 368 368 368 369 369 370 370 370
372 372 373 373 373 373 373 374 374 374
374 376 376 376 376 377 377 377 379 379
379 379 380 380 381 383 383 383 384 384
384 384 384 385 385 385 386 386 386 388
388 388 388 389 389 389 390 390 390 391
392 392 393 393 393 394 394 394 394 395
395 395 395 397 398 398 398 402 402 403
403 403 403 405 405 406 406 407 407 407
408 408 408 409 409 409 409 410 410 410
411 412 412 412 412 413 413 413 413 413
414 415 415 417 417 417 419 419 420 420
424 424 424 425 425 425 426 426 426 426
427 427 427 428 430 430 430 433 433 433
433 435 435 436 436 436 437 437 438 438
438 439 439 440 440 440 440 440 440 441
441 441 441 441 442 442 442 442 442 443
443 445 445 446 446 446 447 447 447 447
447 448 448 449 449 449 449 450 450 450
450 451 451 451 451 452 452 452 453 453
453 453 455 455 456 456 456 456 457 457
459 459 459 460 460 460 460 460 463 463
463 464 464 464 467 467 468 469 471 471
471 472 472 472 473 473 473 473 474 474
475 475 475 476 476 476 476 477 477 477
478 478 478 479 479 481 481 481 482 482
482 482 482 483 483 483 484 484 484 485
485 487 488 488 488 491 491 491 492 492
493 495 495 496 496 496 497 497 497 498
498 499 499 500 500 500 500 500

